[gd_scene load_steps=43 format=3 uid="uid://cbfb34itr68w3"]

[ext_resource type="Script" path="res://scripts/sphere_directed.gd" id="1"]
[ext_resource type="Texture2D" uid="uid://diykyd8ssm080" path="res://arrow.png" id="2"]

[sub_resource type="ArrayMesh" id="ArrayMesh_x6k4g"]
_surfaces = [{
"aabb": AABB(-1.61803, 0, 0, 1.61803, 1.61804, 1.61803),
"format": 4097,
"index_count": 3,
"index_data": PackedByteArray(2, 0, 1, 0, 0, 0),
"primitive": 3,
"vertex_count": 3,
"vertex_data": PackedByteArray(0, 0, 128, 191, 189, 27, 207, 63, 0, 0, 0, 0, 189, 27, 207, 191, 0, 0, 0, 0, 0, 0, 128, 63, 0, 0, 0, 0, 0, 0, 128, 63, 189, 27, 207, 63)
}]

[sub_resource type="StandardMaterial3D" id="StandardMaterial3D_d82kf"]
albedo_color = Color(0.38691, 0.337393, 0.783607, 1)

[sub_resource type="ArrayMesh" id="ArrayMesh_4i0bc"]
_surfaces = [{
"aabb": AABB(-1, 1, 0, 2, 0.618044, 1.61803),
"format": 4097,
"index_count": 3,
"index_data": PackedByteArray(2, 0, 1, 0, 0, 0),
"primitive": 3,
"vertex_count": 3,
"vertex_data": PackedByteArray(0, 0, 128, 191, 189, 27, 207, 63, 0, 0, 0, 0, 0, 0, 0, 0, 0, 0, 128, 63, 189, 27, 207, 63, 0, 0, 128, 63, 189, 27, 207, 63, 0, 0, 0, 0)
}]

[sub_resource type="StandardMaterial3D" id="StandardMaterial3D_4xk0j"]
albedo_color = Color(0.972366, 0.0994843, 0.819427, 1)

[sub_resource type="ArrayMesh" id="ArrayMesh_h1mk5"]
_surfaces = [{
"aabb": AABB(-1, 1, -1.61803, 2, 0.618044, 1.61804),
"format": 4097,
"index_count": 3,
"index_data": PackedByteArray(2, 0, 1, 0, 0, 0),
"primitive": 3,
"vertex_count": 3,
"vertex_data": PackedByteArray(0, 0, 128, 191, 189, 27, 207, 63, 0, 0, 0, 0, 0, 0, 128, 63, 189, 27, 207, 63, 0, 0, 0, 0, 0, 0, 0, 0, 0, 0, 128, 63, 189, 27, 207, 191)
}]

[sub_resource type="StandardMaterial3D" id="StandardMaterial3D_oj2ly"]
albedo_color = Color(0.972366, 0.0994843, 0.819427, 1)

[sub_resource type="ArrayMesh" id="ArrayMesh_byut0"]
_surfaces = [{
"aabb": AABB(-1.61803, 0, -1.61803, 1.61803, 1.61804, 1.61804),
"format": 4097,
"index_count": 3,
"index_data": PackedByteArray(2, 0, 1, 0, 0, 0),
"primitive": 3,
"vertex_count": 3,
"vertex_data": PackedByteArray(0, 0, 128, 191, 189, 27, 207, 63, 0, 0, 0, 0, 0, 0, 0, 0, 0, 0, 128, 63, 189, 27, 207, 191, 189, 27, 207, 191, 0, 0, 0, 0, 0, 0, 128, 191)
}]

[sub_resource type="StandardMaterial3D" id="StandardMaterial3D_sr5em"]
albedo_color = Color(0.972366, 0.0994843, 0.819427, 1)

[sub_resource type="ArrayMesh" id="ArrayMesh_dc7qy"]
_surfaces = [{
"aabb": AABB(-1.61803, 0, -1, 0.618044, 1.61804, 2),
"format": 4097,
"index_count": 3,
"index_data": PackedByteArray(2, 0, 1, 0, 0, 0),
"primitive": 3,
"vertex_count": 3,
"vertex_data": PackedByteArray(0, 0, 128, 191, 189, 27, 207, 63, 0, 0, 0, 0, 189, 27, 207, 191, 0, 0, 0, 0, 0, 0, 128, 191, 189, 27, 207, 191, 0, 0, 0, 0, 0, 0, 128, 63)
}]

[sub_resource type="StandardMaterial3D" id="StandardMaterial3D_20txy"]
albedo_color = Color(0.38691, 0.337393, 0.783607, 1)

[sub_resource type="ArrayMesh" id="ArrayMesh_nr5o7"]
_surfaces = [{
"aabb": AABB(0, 0, 0, 1.61803, 1.61804, 1.61803),
"format": 4097,
"index_count": 3,
"index_data": PackedByteArray(2, 0, 1, 0, 0, 0),
"primitive": 3,
"vertex_count": 3,
"vertex_data": PackedByteArray(0, 0, 128, 63, 189, 27, 207, 63, 0, 0, 0, 0, 0, 0, 0, 0, 0, 0, 128, 63, 189, 27, 207, 63, 189, 27, 207, 63, 0, 0, 0, 0, 0, 0, 128, 63)
}]

[sub_resource type="StandardMaterial3D" id="StandardMaterial3D_oepu8"]
albedo_color = Color(0.972366, 0.0994843, 0.819427, 1)

[sub_resource type="ArrayMesh" id="ArrayMesh_ekop8"]
_surfaces = [{
"aabb": AABB(-1.61803, -1, 1, 1.61804, 2.00001, 0.618044),
"format": 4097,
"index_count": 3,
"index_data": PackedByteArray(2, 0, 1, 0, 0, 0),
"primitive": 3,
"vertex_count": 3,
"vertex_data": PackedByteArray(0, 0, 0, 0, 0, 0, 128, 63, 189, 27, 207, 63, 189, 27, 207, 191, 0, 0, 0, 0, 0, 0, 128, 63, 0, 0, 0, 0, 0, 0, 128, 191, 189, 27, 207, 63)
}]

[sub_resource type="StandardMaterial3D" id="StandardMaterial3D_ve7hh"]
albedo_color = Color(0.38691, 0.337393, 0.783607, 1)

[sub_resource type="ArrayMesh" id="ArrayMesh_1fcyt"]
_surfaces = [{
"aabb": AABB(-1.61803, -1.61803, -1, 0.618034, 1.61804, 2.00001),
"format": 4097,
"index_count": 3,
"index_data": PackedByteArray(2, 0, 1, 0, 0, 0),
"primitive": 3,
"vertex_count": 3,
"vertex_data": PackedByteArray(189, 27, 207, 191, 0, 0, 0, 0, 0, 0, 128, 63, 189, 27, 207, 191, 0, 0, 0, 0, 0, 0, 128, 191, 0, 0, 128, 191, 189, 27, 207, 191, 0, 0, 0, 0)
}]

[sub_resource type="StandardMaterial3D" id="StandardMaterial3D_xex10"]
albedo_color = Color(0.38691, 0.337393, 0.783607, 1)

[sub_resource type="ArrayMesh" id="ArrayMesh_b2f5w"]
_surfaces = [{
"aabb": AABB(-1.61803, -1, -1.61803, 1.61803, 2, 0.618044),
"format": 4097,
"index_count": 3,
"index_data": PackedByteArray(2, 0, 1, 0, 0, 0),
"primitive": 3,
"vertex_count": 3,
"vertex_data": PackedByteArray(189, 27, 207, 191, 0, 0, 0, 0, 0, 0, 128, 191, 0, 0, 0, 0, 0, 0, 128, 63, 189, 27, 207, 191, 0, 0, 0, 0, 0, 0, 128, 191, 189, 27, 207, 191)
}]

[sub_resource type="StandardMaterial3D" id="StandardMaterial3D_8sy3q"]
albedo_color = Color(0.972366, 0.0994843, 0.819427, 1)

[sub_resource type="ArrayMesh" id="ArrayMesh_jtfx8"]
_surfaces = [{
"aabb": AABB(0, 0, -1.61803, 1.61803, 1.61803, 1.61803),
"format": 4097,
"index_count": 3,
"index_data": PackedByteArray(2, 0, 1, 0, 0, 0),
"primitive": 3,
"vertex_count": 3,
"vertex_data": PackedByteArray(0, 0, 0, 0, 0, 0, 128, 63, 189, 27, 207, 191, 0, 0, 128, 63, 189, 27, 207, 63, 0, 0, 0, 0, 189, 27, 207, 63, 0, 0, 0, 0, 0, 0, 128, 191)
}]

[sub_resource type="StandardMaterial3D" id="StandardMaterial3D_7x7n3"]
albedo_color = Color(0.972366, 0.0994843, 0.819427, 1)

[sub_resource type="ArrayMesh" id="ArrayMesh_irmnu"]
_surfaces = [{
"aabb": AABB(0, -1.61803, 0, 1.61803, 1.61803, 1.61803),
"format": 4097,
"index_count": 3,
"index_data": PackedByteArray(2, 0, 1, 0, 0, 0),
"primitive": 3,
"vertex_count": 3,
"vertex_data": PackedByteArray(0, 0, 128, 63, 189, 27, 207, 191, 0, 0, 0, 0, 189, 27, 207, 63, 0, 0, 0, 0, 0, 0, 128, 63, 0, 0, 0, 0, 0, 0, 128, 191, 189, 27, 207, 63)
}]

[sub_resource type="StandardMaterial3D" id="StandardMaterial3D_38o1u"]
albedo_color = Color(0.848278, 0.617844, 0.280888, 1)

[sub_resource type="ArrayMesh" id="ArrayMesh_i3w6h"]
_surfaces = [{
"aabb": AABB(-1, -1.61803, 0, 2.00001, 0.618034, 1.61803),
"format": 4097,
"index_count": 3,
"index_data": PackedByteArray(2, 0, 1, 0, 0, 0),
"primitive": 3,
"vertex_count": 3,
"vertex_data": PackedByteArray(0, 0, 128, 63, 189, 27, 207, 191, 0, 0, 0, 0, 0, 0, 0, 0, 0, 0, 128, 191, 189, 27, 207, 63, 0, 0, 128, 191, 189, 27, 207, 191, 0, 0, 0, 0)
}]

[sub_resource type="StandardMaterial3D" id="StandardMaterial3D_b2tr4"]
albedo_color = Color(0.38691, 0.337393, 0.783607, 1)

[sub_resource type="ArrayMesh" id="ArrayMesh_e4u55"]
_surfaces = [{
"aabb": AABB(-1, -1.61803, -1.61803, 2.00001, 0.618034, 1.61804),
"format": 4097,
"index_count": 3,
"index_data": PackedByteArray(2, 0, 1, 0, 0, 0),
"primitive": 3,
"vertex_count": 3,
"vertex_data": PackedByteArray(0, 0, 128, 63, 189, 27, 207, 191, 0, 0, 0, 0, 0, 0, 128, 191, 189, 27, 207, 191, 0, 0, 0, 0, 0, 0, 0, 0, 0, 0, 128, 191, 189, 27, 207, 191)
}]

[sub_resource type="StandardMaterial3D" id="StandardMaterial3D_u3r0h"]
albedo_color = Color(0.38691, 0.337393, 0.783607, 1)

[sub_resource type="ArrayMesh" id="ArrayMesh_k2ovr"]
_surfaces = [{
"aabb": AABB(0, -1.61803, -1.61803, 1.61803, 1.61803, 1.61804),
"format": 4097,
"index_count": 3,
"index_data": PackedByteArray(2, 0, 1, 0, 0, 0),
"primitive": 3,
"vertex_count": 3,
"vertex_data": PackedByteArray(0, 0, 128, 63, 189, 27, 207, 191, 0, 0, 0, 0, 0, 0, 0, 0, 0, 0, 128, 191, 189, 27, 207, 191, 189, 27, 207, 63, 0, 0, 0, 0, 0, 0, 128, 191)
}]

[sub_resource type="StandardMaterial3D" id="StandardMaterial3D_ekqam"]
albedo_color = Color(0.848278, 0.617844, 0.280888, 1)

[sub_resource type="ArrayMesh" id="ArrayMesh_lfocl"]
_surfaces = [{
"aabb": AABB(1, -1.61803, -1, 0.618034, 1.61803, 2),
"format": 4097,
"index_count": 3,
"index_data": PackedByteArray(2, 0, 1, 0, 0, 0),
"primitive": 3,
"vertex_count": 3,
"vertex_data": PackedByteArray(0, 0, 128, 63, 189, 27, 207, 191, 0, 0, 0, 0, 189, 27, 207, 63, 0, 0, 0, 0, 0, 0, 128, 191, 189, 27, 207, 63, 0, 0, 0, 0, 0, 0, 128, 63)
}]

[sub_resource type="StandardMaterial3D" id="StandardMaterial3D_5vsnw"]
albedo_color = Color(0.848278, 0.617844, 0.280888, 1)

[sub_resource type="ArrayMesh" id="ArrayMesh_mqobv"]
_surfaces = [{
"aabb": AABB(0, -1, 1, 1.61803, 2, 0.618044),
"format": 4097,
"index_count": 3,
"index_data": PackedByteArray(2, 0, 1, 0, 0, 0),
"primitive": 3,
"vertex_count": 3,
"vertex_data": PackedByteArray(0, 0, 0, 0, 0, 0, 128, 191, 189, 27, 207, 63, 189, 27, 207, 63, 0, 0, 0, 0, 0, 0, 128, 63, 0, 0, 0, 0, 0, 0, 128, 63, 189, 27, 207, 63)
}]

[sub_resource type="StandardMaterial3D" id="StandardMaterial3D_7kpp8"]
albedo_color = Color(0.848278, 0.617844, 0.280888, 1)

[sub_resource type="ArrayMesh" id="ArrayMesh_wefs8"]
_surfaces = [{
"aabb": AABB(-1.61803, -1.61803, 0, 1.61803, 1.61803, 1.61803),
"format": 4097,
"index_count": 3,
"index_data": PackedByteArray(2, 0, 1, 0, 0, 0),
"primitive": 3,
"vertex_count": 3,
"vertex_data": PackedByteArray(0, 0, 128, 191, 189, 27, 207, 191, 0, 0, 0, 0, 0, 0, 0, 0, 0, 0, 128, 191, 189, 27, 207, 63, 189, 27, 207, 191, 0, 0, 0, 0, 0, 0, 128, 63)
}]

[sub_resource type="StandardMaterial3D" id="StandardMaterial3D_7d1ct"]
albedo_color = Color(0.38691, 0.337393, 0.783607, 1)

[sub_resource type="ArrayMesh" id="ArrayMesh_qltf5"]
_surfaces = [{
"aabb": AABB(-1.61803, -1.61803, -1.61803, 1.61804, 1.61803, 1.61803),
"format": 4097,
"index_count": 3,
"index_data": PackedByteArray(2, 0, 1, 0, 0, 0),
"primitive": 3,
"vertex_count": 3,
"vertex_data": PackedByteArray(0, 0, 0, 0, 0, 0, 128, 191, 189, 27, 207, 191, 0, 0, 128, 191, 189, 27, 207, 191, 0, 0, 0, 0, 189, 27, 207, 191, 0, 0, 0, 0, 0, 0, 128, 191)
}]

[sub_resource type="StandardMaterial3D" id="StandardMaterial3D_malu3"]
albedo_color = Color(0.38691, 0.337393, 0.783607, 1)

[sub_resource type="ArrayMesh" id="ArrayMesh_hkexm"]
_surfaces = [{
"aabb": AABB(0, -1, -1.61803, 1.61804, 2, 0.618044),
"format": 4097,
"index_count": 3,
"index_data": PackedByteArray(2, 0, 1, 0, 0, 0),
"primitive": 3,
"vertex_count": 3,
"vertex_data": PackedByteArray(189, 27, 207, 63, 0, 0, 0, 0, 0, 0, 128, 191, 0, 0, 0, 0, 0, 0, 128, 191, 189, 27, 207, 191, 0, 0, 0, 0, 0, 0, 128, 63, 189, 27, 207, 191)
}]

[sub_resource type="StandardMaterial3D" id="StandardMaterial3D_vvtm5"]
albedo_color = Color(0.848278, 0.617844, 0.280888, 1)

[sub_resource type="ArrayMesh" id="ArrayMesh_ugg3d"]
_surfaces = [{
"aabb": AABB(1, 0, -1, 0.618044, 1.61803, 2.00001),
"format": 4097,
"index_count": 3,
"index_data": PackedByteArray(2, 0, 1, 0, 0, 0),
"primitive": 3,
"vertex_count": 3,
"vertex_data": PackedByteArray(189, 27, 207, 63, 0, 0, 0, 0, 0, 0, 128, 63, 189, 27, 207, 63, 0, 0, 0, 0, 0, 0, 128, 191, 0, 0, 128, 63, 189, 27, 207, 63, 0, 0, 0, 0)
}]

[sub_resource type="StandardMaterial3D" id="StandardMaterial3D_2sp2w"]
albedo_color = Color(0.972366, 0.0994843, 0.819427, 1)

[node name="SphereDirected" type="Node3D"]
script = ExtResource("1")

[node name="Triangle" type="MeshInstance3D" parent="."]
mesh = SubResource("ArrayMesh_x6k4g")
surface_material_override/0 = SubResource("StandardMaterial3D_d82kf")

[node name="@@29686" type="Node3D" parent="Triangle"]
transform = Transform3D(-0.636065, -0.57735, 0.511945, 0.125325, 0.57735, 0.806821, -0.76139, 0.57735, -0.294876, -0.881405, 0.881405, 0.881405)

[node name="Arrow" type="Sprite3D" parent="Triangle/@@29686"]
transform = Transform3D(1.91069e-16, 0.1, 4.37114e-09, 4.37114e-09, -4.37114e-09, 0.1, 0.1, 0, -4.37114e-09, 0, 0, 0)
texture = ExtResource("2")

[node name="@Triangle@29667" type="MeshInstance3D" parent="."]
mesh = SubResource("ArrayMesh_4i0bc")
surface_material_override/0 = SubResource("StandardMaterial3D_4xk0j")

[node name="@@29688" type="Node3D" parent="@Triangle@29667"]
transform = Transform3D(-0.213427, 2.98023e-08, 0.976959, 0.348601, 0.934172, 0.0761554, -0.912648, 0.356822, -0.199378, 0, 1.42614, 0.544738)

[node name="Arrow" type="Sprite3D" parent="@Triangle@29667/@@29688"]
transform = Transform3D(1.91069e-16, 0.1, 4.37114e-09, 4.37114e-09, -4.37114e-09, 0.1, 0.1, 0, -4.37114e-09, 0, 0, 0)
texture = ExtResource("2")

[node name="@Triangle@29668" type="MeshInstance3D" parent="."]
mesh = SubResource("ArrayMesh_h1mk5")
surface_material_override/0 = SubResource("StandardMaterial3D_oj2ly")

[node name="@@29690" type="Node3D" parent="@Triangle@29668"]
transform = Transform3D(-0.213427, -2.98023e-08, 0.976959, -0.348601, 0.934172, -0.0761554, -0.912648, -0.356822, -0.199378, 0, 1.42614, -0.544738)

[node name="Arrow" type="Sprite3D" parent="@Triangle@29668/@@29690"]
transform = Transform3D(1.91069e-16, 0.1, 4.37114e-09, 4.37114e-09, -4.37114e-09, 0.1, 0.1, 0, -4.37114e-09, 0, 0, 0)
texture = ExtResource("2")

[node name="@Triangle@29669" type="MeshInstance3D" parent="."]
mesh = SubResource("ArrayMesh_byut0")
surface_material_override/0 = SubResource("StandardMaterial3D_sr5em")

[node name="@@29692" type="Node3D" parent="@Triangle@29669"]
transform = Transform3D(-0.0649425, -0.57735, 0.81391, -0.737338, 0.57735, 0.350713, -0.672395, -0.57735, -0.463197, -0.881405, 0.881405, -0.881405)

[node name="Arrow" type="Sprite3D" parent="@Triangle@29669/@@29692"]
transform = Transform3D(1.91069e-16, 0.1, 4.37114e-09, 4.37114e-09, -4.37114e-09, 0.1, 0.1, 0, -4.37114e-09, 0, 0, 0)
texture = ExtResource("2")

[node name="@Triangle@29670" type="MeshInstance3D" parent="."]
mesh = SubResource("ArrayMesh_dc7qy")
surface_material_override/0 = SubResource("StandardMaterial3D_20txy")

[node name="@@29694" type="Node3D" parent="@Triangle@29670"]
transform = Transform3D(-0.0827502, -0.934172, 0.347094, -0.216643, 0.356822, 0.908705, -0.972738, 1.19209e-07, -0.231909, -1.42614, 0.544738, 0)

[node name="Arrow" type="Sprite3D" parent="@Triangle@29670/@@29694"]
transform = Transform3D(1.91069e-16, 0.1, 4.37114e-09, 4.37114e-09, -4.37114e-09, 0.1, 0.1, 0, -4.37114e-09, 0, 0, 0)
texture = ExtResource("2")

[node name="@Triangle@29671" type="MeshInstance3D" parent="."]
mesh = SubResource("ArrayMesh_nr5o7")
surface_material_override/0 = SubResource("StandardMaterial3D_oepu8")

[node name="@@29696" type="Node3D" parent="@Triangle@29671"]
transform = Transform3D(-0.0649426, 0.57735, 0.81391, 0.737338, 0.57735, -0.350713, -0.672395, 0.57735, -0.463197, 0.881405, 0.881405, 0.881405)

[node name="Arrow" type="Sprite3D" parent="@Triangle@29671/@@29696"]
transform = Transform3D(1.91069e-16, 0.1, 4.37114e-09, 4.37114e-09, -4.37114e-09, 0.1, 0.1, 0, -4.37114e-09, 0, 0, 0)
texture = ExtResource("2")

[node name="@Triangle@29672" type="MeshInstance3D" parent="."]
mesh = SubResource("ArrayMesh_ekop8")
surface_material_override/0 = SubResource("StandardMaterial3D_ve7hh")

[node name="@@29698" type="Node3D" parent="@Triangle@29672"]
transform = Transform3D(-0.895283, -0.356822, 0.266734, 0.28553, -1.14594e-07, 0.95837, -0.341967, 0.934172, 0.101883, -0.544738, 0, 1.42614)

[node name="Arrow" type="Sprite3D" parent="@Triangle@29672/@@29698"]
transform = Transform3D(1.91069e-16, 0.1, 4.37114e-09, 4.37114e-09, -4.37114e-09, 0.1, 0.1, 0, -4.37114e-09, 0, 0, 0)
texture = ExtResource("2")

[node name="@Triangle@29673" type="MeshInstance3D" parent="."]
mesh = SubResource("ArrayMesh_1fcyt")
surface_material_override/0 = SubResource("StandardMaterial3D_xex10")

[node name="@@29700" type="Node3D" parent="@Triangle@29673"]
transform = Transform3D(0.0827501, -0.934172, -0.347094, -0.216643, -0.356822, 0.908705, -0.972738, 8.9407e-08, -0.231909, -1.42614, -0.544738, 0)

[node name="Arrow" type="Sprite3D" parent="@Triangle@29673/@@29700"]
transform = Transform3D(1.00205e-16, 0.0524445, 2.29242e-09, 2.29242e-09, -2.29242e-09, 0.0524445, 0.0524445, 0, -2.29242e-09, 0, 0, 0)
texture = ExtResource("2")

[node name="@Triangle@29674" type="MeshInstance3D" parent="."]
mesh = SubResource("ArrayMesh_b2f5w")
surface_material_override/0 = SubResource("StandardMaterial3D_8sy3q")

[node name="@@29702" type="Node3D" parent="@Triangle@29674"]
transform = Transform3D(0.283658, -0.356822, 0.890065, -0.952785, -4.16475e-08, 0.303646, -0.108348, -0.934172, -0.339975, -0.544738, 0, -1.42614)

[node name="Arrow" type="Sprite3D" parent="@Triangle@29674/@@29702"]
transform = Transform3D(1.91069e-16, 0.1, 4.37114e-09, 4.37114e-09, -4.37114e-09, 0.1, 0.1, 0, -4.37114e-09, 0, 0, 0)
texture = ExtResource("2")

[node name="@Triangle@29675" type="MeshInstance3D" parent="."]
mesh = SubResource("ArrayMesh_jtfx8")
surface_material_override/0 = SubResource("StandardMaterial3D_7x7n3")

[node name="@@29704" type="Node3D" parent="@Triangle@29675"]
transform = Transform3D(-0.280389, 0.57735, 0.766843, -0.523911, 0.57735, -0.626246, -0.8043, -0.57735, 0.140597, 0.881405, 0.881405, -0.881405)

[node name="Arrow" type="Sprite3D" parent="@Triangle@29675/@@29704"]
transform = Transform3D(1.18919e-16, 0.062239, 2.72055e-09, 2.72055e-09, -2.72055e-09, 0.062239, 0.062239, 0, -2.72055e-09, 0, 0, 0)
texture = ExtResource("2")

[node name="@Triangle@29676" type="MeshInstance3D" parent="."]
mesh = SubResource("ArrayMesh_irmnu")
surface_material_override/0 = SubResource("StandardMaterial3D_38o1u")

[node name="@@29706" type="Node3D" parent="@Triangle@29676"]
transform = Transform3D(-0.0881957, 0.57735, -0.811719, -0.747067, -0.57735, -0.32948, -0.658872, 0.57735, 0.482239, 0.881405, -0.881405, 0.881405)

[node name="Arrow" type="Sprite3D" parent="@Triangle@29676/@@29706"]
transform = Transform3D(1.91069e-16, 0.1, 4.37114e-09, 4.37114e-09, -4.37114e-09, 0.1, 0.1, 0, -4.37114e-09, 0, 0, 0)
texture = ExtResource("2")

[node name="@Triangle@29677" type="MeshInstance3D" parent="."]
mesh = SubResource("ArrayMesh_i3w6h")
surface_material_override/0 = SubResource("StandardMaterial3D_b2tr4")

[node name="@@29708" type="Node3D" parent="@Triangle@29677"]
transform = Transform3D(-0.28553, 8.19564e-08, -0.95837, -0.341967, -0.934172, 0.101883, -0.895283, 0.356822, 0.266734, 0, -1.42614, 0.544738)

[node name="Arrow" type="Sprite3D" parent="@Triangle@29677/@@29708"]
transform = Transform3D(1.91069e-16, 0.1, 4.37114e-09, 4.37114e-09, -4.37114e-09, 0.1, 0.1, 0, -4.37114e-09, 0, 0, 0)
texture = ExtResource("2")

[node name="@Triangle@29678" type="MeshInstance3D" parent="."]
mesh = SubResource("ArrayMesh_e4u55")
surface_material_override/0 = SubResource("StandardMaterial3D_u3r0h")

[node name="@@29710" type="Node3D" parent="@Triangle@29678"]
transform = Transform3D(0.687208, -7.45058e-08, -0.726461, 0.259217, -0.934172, 0.245211, -0.67864, -0.356822, -0.64197, 0, -1.42614, -0.544738)

[node name="Arrow" type="Sprite3D" parent="@Triangle@29678/@@29710"]
transform = Transform3D(1.91069e-16, 0.1, 4.37114e-09, 4.37114e-09, -4.37114e-09, 0.1, 0.1, 0, -4.37114e-09, 0, 0, 0)
texture = ExtResource("2")

[node name="@Triangle@29679" type="MeshInstance3D" parent="."]
mesh = SubResource("ArrayMesh_k2ovr")
surface_material_override/0 = SubResource("StandardMaterial3D_ekqam")

[node name="@@29712" type="Node3D" parent="@Triangle@29679"]
transform = Transform3D(-0.807993, 0.57735, -0.117535, -0.302209, -0.57735, -0.75851, -0.505784, -0.57735, 0.640975, 0.881405, -0.881405, -0.881405)

[node name="Arrow" type="Sprite3D" parent="@Triangle@29679/@@29712"]
transform = Transform3D(1.49382e-16, 0.0781823, 3.41746e-09, 3.41746e-09, -3.41746e-09, 0.0781823, 0.0781823, 0, -3.41746e-09, 0, 0, 0)
texture = ExtResource("2")

[node name="@Triangle@29680" type="MeshInstance3D" parent="."]
mesh = SubResource("ArrayMesh_lfocl")
surface_material_override/0 = SubResource("StandardMaterial3D_5vsnw")

[node name="@@29714" type="Node3D" parent="@Triangle@29680"]
transform = Transform3D(-0.2477, 0.934172, -0.256839, -0.648488, -0.356822, -0.672414, -0.719797, 2.98023e-08, 0.694185, 1.42614, -0.544738, 0)

[node name="Arrow" type="Sprite3D" parent="@Triangle@29680/@@29714"]
transform = Transform3D(1.91069e-16, 0.1, 4.37114e-09, 4.37114e-09, -4.37114e-09, 0.1, 0.1, 0, -4.37114e-09, 0, 0, 0)
texture = ExtResource("2")

[node name="@Triangle@29681" type="MeshInstance3D" parent="."]
mesh = SubResource("ArrayMesh_mqobv")
surface_material_override/0 = SubResource("StandardMaterial3D_7kpp8")

[node name="@@29716" type="Node3D" parent="@Triangle@29681"]
transform = Transform3D(0.258084, 0.356822, -0.897814, -0.96108, -4.20101e-08, -0.27627, -0.0985793, 0.934172, 0.342935, 0.544738, 0, 1.42614)

[node name="Arrow" type="Sprite3D" parent="@Triangle@29681/@@29716"]
transform = Transform3D(1.91069e-16, 0.1, 4.37114e-09, 4.37114e-09, -4.37114e-09, 0.1, 0.1, 0, -4.37114e-09, 0, 0, 0)
texture = ExtResource("2")

[node name="@Triangle@29682" type="MeshInstance3D" parent="."]
mesh = SubResource("ArrayMesh_wefs8")
surface_material_override/0 = SubResource("StandardMaterial3D_7d1ct")

[node name="@@29718" type="Node3D" parent="@Triangle@29682"]
transform = Transform3D(-0.336672, -0.57735, -0.743854, -0.47586, -0.57735, 0.663494, -0.812532, 0.57735, -0.0803599, -0.881405, -0.881405, 0.881405)

[node name="Arrow" type="Sprite3D" parent="@Triangle@29682/@@29718"]
transform = Transform3D(1.91069e-16, 0.1, 4.37114e-09, 4.37114e-09, -4.37114e-09, 0.1, 0.1, 0, -4.37114e-09, 0, 0, 0)
texture = ExtResource("2")

[node name="@Triangle@29683" type="MeshInstance3D" parent="."]
mesh = SubResource("ArrayMesh_qltf5")
surface_material_override/0 = SubResource("StandardMaterial3D_malu3")

[node name="@@29720" type="Node3D" parent="@Triangle@29683"]
transform = Transform3D(0.636065, -0.57735, -0.511945, 0.125325, -0.57735, 0.806821, -0.76139, -0.57735, -0.294876, -0.881405, -0.881405, -0.881405)

[node name="Arrow" type="Sprite3D" parent="@Triangle@29683/@@29720"]
transform = Transform3D(1.91069e-16, 0.1, 4.37114e-09, 4.37114e-09, -4.37114e-09, 0.1, 0.1, 0, -4.37114e-09, 0, 0, 0)
texture = ExtResource("2")

[node name="@Triangle@29684" type="MeshInstance3D" parent="."]
mesh = SubResource("ArrayMesh_hkexm")
surface_material_override/0 = SubResource("StandardMaterial3D_vvtm5")

[node name="@@29722" type="Node3D" parent="@Triangle@29684"]
transform = Transform3D(-0.906572, 0.356822, 0.2254, -0.241283, 4.69795e-08, -0.970455, -0.34628, -0.934172, 0.086095, 0.544738, 0, -1.42614)

[node name="Arrow" type="Sprite3D" parent="@Triangle@29684/@@29722"]
transform = Transform3D(1.91069e-16, 0.1, 4.37114e-09, 4.37114e-09, -4.37114e-09, 0.1, 0.1, 0, -4.37114e-09, 0, 0, 0)
texture = ExtResource("2")

[node name="@Triangle@29685" type="MeshInstance3D" parent="."]
mesh = SubResource("ArrayMesh_ugg3d")
surface_material_override/0 = SubResource("StandardMaterial3D_2sp2w")

[node name="@@29724" type="Node3D" parent="@Triangle@29685"]
transform = Transform3D(0.108348, 0.934172, 0.339975, -0.283658, 0.356822, -0.890065, -0.952785, 5.96046e-08, 0.303646, 1.42614, 0.544738, 0)

[node name="Arrow" type="Sprite3D" parent="@Triangle@29685/@@29724"]
transform = Transform3D(1.91069e-16, 0.1, 4.37114e-09, 4.37114e-09, -4.37114e-09, 0.1, 0.1, 0, -4.37114e-09, 0, 0, 0)
texture = ExtResource("2")
