[gd_scene load_steps=43 format=3 uid="uid://cbfb34itr68w3"]

[ext_resource type="Script" path="res://scripts/sphere_directed.gd" id="1"]
[ext_resource type="Texture2D" uid="uid://diykyd8ssm080" path="res://arrow.png" id="2"]

[sub_resource type="ArrayMesh" id="ArrayMesh_ovdhc"]
_surfaces = [{
"aabb": AABB(-1.61803, 0, 0, 1.61803, 1.61804, 1.61803),
"format": 4097,
"index_count": 3,
"index_data": PackedByteArray(2, 0, 1, 0, 0, 0),
"primitive": 3,
"vertex_count": 3,
"vertex_data": PackedByteArray(0, 0, 128, 191, 189, 27, 207, 63, 0, 0, 0, 0, 189, 27, 207, 191, 0, 0, 0, 0, 0, 0, 128, 63, 0, 0, 0, 0, 0, 0, 128, 63, 189, 27, 207, 63)
}]

[sub_resource type="StandardMaterial3D" id="StandardMaterial3D_xk8wb"]
albedo_color = Color(0.56204, 0.112793, 0.335876, 1)

[sub_resource type="ArrayMesh" id="ArrayMesh_73kpj"]
_surfaces = [{
"aabb": AABB(-1, 1, 0, 2, 0.618044, 1.61803),
"format": 4097,
"index_count": 3,
"index_data": PackedByteArray(2, 0, 1, 0, 0, 0),
"primitive": 3,
"vertex_count": 3,
"vertex_data": PackedByteArray(0, 0, 128, 191, 189, 27, 207, 63, 0, 0, 0, 0, 0, 0, 0, 0, 0, 0, 128, 63, 189, 27, 207, 63, 0, 0, 128, 63, 189, 27, 207, 63, 0, 0, 0, 0)
}]

[sub_resource type="StandardMaterial3D" id="StandardMaterial3D_cxrna"]
albedo_color = Color(0.56204, 0.112793, 0.335876, 1)

[sub_resource type="ArrayMesh" id="ArrayMesh_on66d"]
_surfaces = [{
"aabb": AABB(-1, 1, -1.61803, 2, 0.618044, 1.61804),
"format": 4097,
"index_count": 3,
"index_data": PackedByteArray(2, 0, 1, 0, 0, 0),
"primitive": 3,
"vertex_count": 3,
"vertex_data": PackedByteArray(0, 0, 128, 191, 189, 27, 207, 63, 0, 0, 0, 0, 0, 0, 128, 63, 189, 27, 207, 63, 0, 0, 0, 0, 0, 0, 0, 0, 0, 0, 128, 63, 189, 27, 207, 191)
}]

[sub_resource type="StandardMaterial3D" id="StandardMaterial3D_yp3k3"]
albedo_color = Color(0.56204, 0.112793, 0.335876, 1)

[sub_resource type="ArrayMesh" id="ArrayMesh_1ityn"]
_surfaces = [{
"aabb": AABB(-1.61803, 0, -1.61803, 1.61803, 1.61804, 1.61804),
"format": 4097,
"index_count": 3,
"index_data": PackedByteArray(2, 0, 1, 0, 0, 0),
"primitive": 3,
"vertex_count": 3,
"vertex_data": PackedByteArray(0, 0, 128, 191, 189, 27, 207, 63, 0, 0, 0, 0, 0, 0, 0, 0, 0, 0, 128, 63, 189, 27, 207, 191, 189, 27, 207, 191, 0, 0, 0, 0, 0, 0, 128, 191)
}]

[sub_resource type="StandardMaterial3D" id="StandardMaterial3D_i2k3y"]
albedo_color = Color(0.721621, 0.242588, 0.69638, 1)

[sub_resource type="ArrayMesh" id="ArrayMesh_6q4em"]
_surfaces = [{
"aabb": AABB(-1.61803, 0, -1, 0.618044, 1.61804, 2),
"format": 4097,
"index_count": 3,
"index_data": PackedByteArray(2, 0, 1, 0, 0, 0),
"primitive": 3,
"vertex_count": 3,
"vertex_data": PackedByteArray(0, 0, 128, 191, 189, 27, 207, 63, 0, 0, 0, 0, 189, 27, 207, 191, 0, 0, 0, 0, 0, 0, 128, 191, 189, 27, 207, 191, 0, 0, 0, 0, 0, 0, 128, 63)
}]

[sub_resource type="StandardMaterial3D" id="StandardMaterial3D_tp18m"]
albedo_color = Color(0.721621, 0.242588, 0.69638, 1)

[sub_resource type="ArrayMesh" id="ArrayMesh_ydl5k"]
_surfaces = [{
"aabb": AABB(0, 0, 0, 1.61803, 1.61804, 1.61803),
"format": 4097,
"index_count": 3,
"index_data": PackedByteArray(2, 0, 1, 0, 0, 0),
"primitive": 3,
"vertex_count": 3,
"vertex_data": PackedByteArray(0, 0, 128, 63, 189, 27, 207, 63, 0, 0, 0, 0, 0, 0, 0, 0, 0, 0, 128, 63, 189, 27, 207, 63, 189, 27, 207, 63, 0, 0, 0, 0, 0, 0, 128, 63)
}]

[sub_resource type="StandardMaterial3D" id="StandardMaterial3D_ff25k"]
albedo_color = Color(0.56204, 0.112793, 0.335876, 1)

[sub_resource type="ArrayMesh" id="ArrayMesh_qu1q7"]
_surfaces = [{
"aabb": AABB(-1.61803, -1, 1, 1.61804, 2.00001, 0.618044),
"format": 4097,
"index_count": 3,
"index_data": PackedByteArray(2, 0, 1, 0, 0, 0),
"primitive": 3,
"vertex_count": 3,
"vertex_data": PackedByteArray(0, 0, 0, 0, 0, 0, 128, 63, 189, 27, 207, 63, 189, 27, 207, 191, 0, 0, 0, 0, 0, 0, 128, 63, 0, 0, 0, 0, 0, 0, 128, 191, 189, 27, 207, 63)
}]

[sub_resource type="StandardMaterial3D" id="StandardMaterial3D_82uih"]
albedo_color = Color(0.56204, 0.112793, 0.335876, 1)

[sub_resource type="ArrayMesh" id="ArrayMesh_k1rlg"]
_surfaces = [{
"aabb": AABB(-1.61803, -1.61803, -1, 0.618034, 1.61804, 2.00001),
"format": 4097,
"index_count": 3,
"index_data": PackedByteArray(2, 0, 1, 0, 0, 0),
"primitive": 3,
"vertex_count": 3,
"vertex_data": PackedByteArray(189, 27, 207, 191, 0, 0, 0, 0, 0, 0, 128, 63, 189, 27, 207, 191, 0, 0, 0, 0, 0, 0, 128, 191, 0, 0, 128, 191, 189, 27, 207, 191, 0, 0, 0, 0)
}]

[sub_resource type="StandardMaterial3D" id="StandardMaterial3D_lgoop"]
albedo_color = Color(0.721621, 0.242588, 0.69638, 1)

[sub_resource type="ArrayMesh" id="ArrayMesh_86bwb"]
_surfaces = [{
"aabb": AABB(-1.61803, -1, -1.61803, 1.61803, 2, 0.618044),
"format": 4097,
"index_count": 3,
"index_data": PackedByteArray(2, 0, 1, 0, 0, 0),
"primitive": 3,
"vertex_count": 3,
"vertex_data": PackedByteArray(189, 27, 207, 191, 0, 0, 0, 0, 0, 0, 128, 191, 0, 0, 0, 0, 0, 0, 128, 63, 189, 27, 207, 191, 0, 0, 0, 0, 0, 0, 128, 191, 189, 27, 207, 191)
}]

[sub_resource type="StandardMaterial3D" id="StandardMaterial3D_pm5n8"]
albedo_color = Color(0.721621, 0.242588, 0.69638, 1)

[sub_resource type="ArrayMesh" id="ArrayMesh_4aph8"]
_surfaces = [{
"aabb": AABB(0, 0, -1.61803, 1.61803, 1.61803, 1.61803),
"format": 4097,
"index_count": 3,
"index_data": PackedByteArray(2, 0, 1, 0, 0, 0),
"primitive": 3,
"vertex_count": 3,
"vertex_data": PackedByteArray(0, 0, 0, 0, 0, 0, 128, 63, 189, 27, 207, 191, 0, 0, 128, 63, 189, 27, 207, 63, 0, 0, 0, 0, 189, 27, 207, 63, 0, 0, 0, 0, 0, 0, 128, 191)
}]

[sub_resource type="StandardMaterial3D" id="StandardMaterial3D_ftolq"]
albedo_color = Color(0.56204, 0.112793, 0.335876, 1)

[sub_resource type="ArrayMesh" id="ArrayMesh_q2aw3"]
_surfaces = [{
"aabb": AABB(0, -1.61803, 0, 1.61803, 1.61803, 1.61803),
"format": 4097,
"index_count": 3,
"index_data": PackedByteArray(2, 0, 1, 0, 0, 0),
"primitive": 3,
"vertex_count": 3,
"vertex_data": PackedByteArray(0, 0, 128, 63, 189, 27, 207, 191, 0, 0, 0, 0, 189, 27, 207, 63, 0, 0, 0, 0, 0, 0, 128, 63, 0, 0, 0, 0, 0, 0, 128, 191, 189, 27, 207, 63)
}]

[sub_resource type="StandardMaterial3D" id="StandardMaterial3D_m1feu"]
albedo_color = Color(0.6747, 0.606471, 0.235017, 1)

[sub_resource type="ArrayMesh" id="ArrayMesh_4y15y"]
_surfaces = [{
"aabb": AABB(-1, -1.61803, 0, 2.00001, 0.618034, 1.61803),
"format": 4097,
"index_count": 3,
"index_data": PackedByteArray(2, 0, 1, 0, 0, 0),
"primitive": 3,
"vertex_count": 3,
"vertex_data": PackedByteArray(0, 0, 128, 63, 189, 27, 207, 191, 0, 0, 0, 0, 0, 0, 0, 0, 0, 0, 128, 191, 189, 27, 207, 63, 0, 0, 128, 191, 189, 27, 207, 191, 0, 0, 0, 0)
}]

[sub_resource type="StandardMaterial3D" id="StandardMaterial3D_yghre"]
albedo_color = Color(0.6747, 0.606471, 0.235017, 1)

[sub_resource type="ArrayMesh" id="ArrayMesh_5ywmv"]
_surfaces = [{
"aabb": AABB(-1, -1.61803, -1.61803, 2.00001, 0.618034, 1.61804),
"format": 4097,
"index_count": 3,
"index_data": PackedByteArray(2, 0, 1, 0, 0, 0),
"primitive": 3,
"vertex_count": 3,
"vertex_data": PackedByteArray(0, 0, 128, 63, 189, 27, 207, 191, 0, 0, 0, 0, 0, 0, 128, 191, 189, 27, 207, 191, 0, 0, 0, 0, 0, 0, 0, 0, 0, 0, 128, 191, 189, 27, 207, 191)
}]

[sub_resource type="StandardMaterial3D" id="StandardMaterial3D_7iej8"]
albedo_color = Color(0.6747, 0.606471, 0.235017, 1)

[sub_resource type="ArrayMesh" id="ArrayMesh_od626"]
_surfaces = [{
"aabb": AABB(0, -1.61803, -1.61803, 1.61803, 1.61803, 1.61804),
"format": 4097,
"index_count": 3,
"index_data": PackedByteArray(2, 0, 1, 0, 0, 0),
"primitive": 3,
"vertex_count": 3,
"vertex_data": PackedByteArray(0, 0, 128, 63, 189, 27, 207, 191, 0, 0, 0, 0, 0, 0, 0, 0, 0, 0, 128, 191, 189, 27, 207, 191, 189, 27, 207, 63, 0, 0, 0, 0, 0, 0, 128, 191)
}]

[sub_resource type="StandardMaterial3D" id="StandardMaterial3D_gyu6q"]
albedo_color = Color(0.6747, 0.606471, 0.235017, 1)

[sub_resource type="ArrayMesh" id="ArrayMesh_mpcvu"]
_surfaces = [{
"aabb": AABB(1, -1.61803, -1, 0.618034, 1.61803, 2),
"format": 4097,
"index_count": 3,
"index_data": PackedByteArray(2, 0, 1, 0, 0, 0),
"primitive": 3,
"vertex_count": 3,
"vertex_data": PackedByteArray(0, 0, 128, 63, 189, 27, 207, 191, 0, 0, 0, 0, 189, 27, 207, 63, 0, 0, 0, 0, 0, 0, 128, 191, 189, 27, 207, 63, 0, 0, 0, 0, 0, 0, 128, 63)
}]

[sub_resource type="StandardMaterial3D" id="StandardMaterial3D_t7j1t"]
albedo_color = Color(0.6747, 0.606471, 0.235017, 1)

[sub_resource type="ArrayMesh" id="ArrayMesh_8pgua"]
_surfaces = [{
"aabb": AABB(0, -1, 1, 1.61803, 2, 0.618044),
"format": 4097,
"index_count": 3,
"index_data": PackedByteArray(2, 0, 1, 0, 0, 0),
"primitive": 3,
"vertex_count": 3,
"vertex_data": PackedByteArray(0, 0, 0, 0, 0, 0, 128, 191, 189, 27, 207, 63, 189, 27, 207, 63, 0, 0, 0, 0, 0, 0, 128, 63, 0, 0, 0, 0, 0, 0, 128, 63, 189, 27, 207, 63)
}]

[sub_resource type="StandardMaterial3D" id="StandardMaterial3D_28flc"]
albedo_color = Color(0.56204, 0.112793, 0.335876, 1)

[sub_resource type="ArrayMesh" id="ArrayMesh_j28fo"]
_surfaces = [{
"aabb": AABB(-1.61803, -1.61803, 0, 1.61803, 1.61803, 1.61803),
"format": 4097,
"index_count": 3,
"index_data": PackedByteArray(2, 0, 1, 0, 0, 0),
"primitive": 3,
"vertex_count": 3,
"vertex_data": PackedByteArray(0, 0, 128, 191, 189, 27, 207, 191, 0, 0, 0, 0, 0, 0, 0, 0, 0, 0, 128, 191, 189, 27, 207, 63, 189, 27, 207, 191, 0, 0, 0, 0, 0, 0, 128, 63)
}]

[sub_resource type="StandardMaterial3D" id="StandardMaterial3D_cyk7h"]
albedo_color = Color(0.56204, 0.112793, 0.335876, 1)

[sub_resource type="ArrayMesh" id="ArrayMesh_f4qgn"]
_surfaces = [{
"aabb": AABB(-1.61803, -1.61803, -1.61803, 1.61804, 1.61803, 1.61803),
"format": 4097,
"index_count": 3,
"index_data": PackedByteArray(2, 0, 1, 0, 0, 0),
"primitive": 3,
"vertex_count": 3,
"vertex_data": PackedByteArray(0, 0, 0, 0, 0, 0, 128, 191, 189, 27, 207, 191, 0, 0, 128, 191, 189, 27, 207, 191, 0, 0, 0, 0, 189, 27, 207, 191, 0, 0, 0, 0, 0, 0, 128, 191)
}]

[sub_resource type="StandardMaterial3D" id="StandardMaterial3D_ccwi8"]
albedo_color = Color(0.721621, 0.242588, 0.69638, 1)

[sub_resource type="ArrayMesh" id="ArrayMesh_agfsj"]
_surfaces = [{
"aabb": AABB(0, -1, -1.61803, 1.61804, 2, 0.618044),
"format": 4097,
"index_count": 3,
"index_data": PackedByteArray(2, 0, 1, 0, 0, 0),
"primitive": 3,
"vertex_count": 3,
"vertex_data": PackedByteArray(189, 27, 207, 63, 0, 0, 0, 0, 0, 0, 128, 191, 0, 0, 0, 0, 0, 0, 128, 191, 189, 27, 207, 191, 0, 0, 0, 0, 0, 0, 128, 63, 189, 27, 207, 191)
}]

[sub_resource type="StandardMaterial3D" id="StandardMaterial3D_t3xat"]
albedo_color = Color(0.721621, 0.242588, 0.69638, 1)

[sub_resource type="ArrayMesh" id="ArrayMesh_x2vx1"]
_surfaces = [{
"aabb": AABB(1, 0, -1, 0.618044, 1.61803, 2.00001),
"format": 4097,
"index_count": 3,
"index_data": PackedByteArray(2, 0, 1, 0, 0, 0),
"primitive": 3,
"vertex_count": 3,
"vertex_data": PackedByteArray(189, 27, 207, 63, 0, 0, 0, 0, 0, 0, 128, 63, 189, 27, 207, 63, 0, 0, 0, 0, 0, 0, 128, 191, 0, 0, 128, 63, 189, 27, 207, 63, 0, 0, 0, 0)
}]

[sub_resource type="StandardMaterial3D" id="StandardMaterial3D_hjn3v"]
albedo_color = Color(0.6747, 0.606471, 0.235017, 1)

[node name="SphereDirected" type="Node3D"]
script = ExtResource("1")

[node name="Triangle" type="MeshInstance3D" parent="."]
mesh = SubResource("ArrayMesh_ovdhc")
surface_material_override/0 = SubResource("StandardMaterial3D_xk8wb")

[node name="@@56200" type="Node3D" parent="Triangle"]
transform = Transform3D(-0.816012, -0.57735, -0.0281401, -0.432376, 0.57735, 0.692617, -0.383636, 0.57735, -0.720757, -0.881405, 0.881405, 0.881405)

[node name="Arrow" type="Sprite3D" parent="Triangle/@@56200"]
transform = Transform3D(1.91069e-16, 0.1, 4.37114e-09, 4.37114e-09, -4.37114e-09, 0.1, 0.1, 0, -4.37114e-09, 0, 0, 0)
texture = ExtResource("2")

[node name="@Triangle@56181" type="MeshInstance3D" parent="."]
mesh = SubResource("ArrayMesh_73kpj")
surface_material_override/0 = SubResource("StandardMaterial3D_cxrna")

[node name="@@56202" type="Node3D" parent="@Triangle@56181"]
transform = Transform3D(-0.994905, 2.6077e-08, 0.100816, 0.0359735, 0.934172, 0.355004, -0.0941799, 0.356822, -0.929413, 0, 1.42614, 0.544738)

[node name="Arrow" type="Sprite3D" parent="@Triangle@56181/@@56202"]
transform = Transform3D(1.91069e-16, 0.1, 4.37114e-09, 4.37114e-09, -4.37114e-09, 0.1, 0.1, 0, -4.37114e-09, 0, 0, 0)
texture = ExtResource("2")

[node name="@Triangle@56182" type="MeshInstance3D" parent="."]
mesh = SubResource("ArrayMesh_on66d")
surface_material_override/0 = SubResource("StandardMaterial3D_yp3k3")

[node name="@@56204" type="Node3D" parent="@Triangle@56182"]
transform = Transform3D(-0.994905, -4.47035e-08, 0.100816, -0.0359735, 0.934172, -0.355004, -0.0941799, -0.356822, -0.929413, 0, 1.42614, -0.544738)

[node name="Arrow" type="Sprite3D" parent="@Triangle@56182/@@56204"]
transform = Transform3D(1.91069e-16, 0.1, 4.37114e-09, 4.37114e-09, -4.37114e-09, 0.1, 0.1, 0, -4.37114e-09, 0, 0, 0)
texture = ExtResource("2")

[node name="@Triangle@56183" type="MeshInstance3D" parent="."]
mesh = SubResource("ArrayMesh_1ityn")
surface_material_override/0 = SubResource("StandardMaterial3D_i2k3y")

[node name="@@56206" type="Node3D" parent="@Triangle@56183"]
transform = Transform3D(-0.44223, -0.57735, 0.686367, -0.815526, 0.57735, -0.0397989, -0.373296, -0.57735, -0.726166, -0.881405, 0.881405, -0.881405)

[node name="Arrow" type="Sprite3D" parent="@Triangle@56183/@@56206"]
transform = Transform3D(1.91069e-16, 0.1, 4.37114e-09, 4.37114e-09, -4.37114e-09, 0.1, 0.1, 0, -4.37114e-09, 0, 0, 0)
texture = ExtResource("2")

[node name="@Triangle@56184" type="MeshInstance3D" parent="."]
mesh = SubResource("ArrayMesh_6q4em")
surface_material_override/0 = SubResource("StandardMaterial3D_tp18m")

[node name="@@56208" type="Node3D" parent="@Triangle@56184"]
transform = Transform3D(-0.289456, -0.934172, 0.208656, -0.757805, 0.356822, 0.546269, -0.584762, 8.9407e-08, -0.811205, -1.42614, 0.544738, 0)

[node name="Arrow" type="Sprite3D" parent="@Triangle@56184/@@56208"]
transform = Transform3D(1.91069e-16, 0.1, 4.37114e-09, 4.37114e-09, -4.37114e-09, 0.1, 0.1, 0, -4.37114e-09, 0, 0, 0)
texture = ExtResource("2")

[node name="@Triangle@56185" type="MeshInstance3D" parent="."]
mesh = SubResource("ArrayMesh_ydl5k")
surface_material_override/0 = SubResource("StandardMaterial3D_ff25k")

[node name="@@56210" type="Node3D" parent="@Triangle@56185"]
transform = Transform3D(-0.793779, 0.57735, 0.191264, 0.562529, 0.57735, 0.5918, 0.231249, 0.57735, -0.783065, 0.881405, 0.881405, 0.881405)

[node name="Arrow" type="Sprite3D" parent="@Triangle@56185/@@56210"]
transform = Transform3D(1.91069e-16, 0.1, 4.37114e-09, 4.37114e-09, -4.37114e-09, 0.1, 0.1, 0, -4.37114e-09, 0, 0, 0)
texture = ExtResource("2")

[node name="@Triangle@56186" type="MeshInstance3D" parent="."]
mesh = SubResource("ArrayMesh_qu1q7")
surface_material_override/0 = SubResource("StandardMaterial3D_82uih")

[node name="@@56212" type="Node3D" parent="@Triangle@56186"]
transform = Transform3D(-0.851985, -0.356822, -0.383144, -0.410143, -6.68208e-08, 0.912021, -0.325429, 0.934172, -0.146348, -0.544738, 0, 1.42614)

[node name="Arrow" type="Sprite3D" parent="@Triangle@56186/@@56212"]
transform = Transform3D(1.91069e-16, 0.1, 4.37114e-09, 4.37114e-09, -4.37114e-09, 0.1, 0.1, 0, -4.37114e-09, 0, 0, 0)
texture = ExtResource("2")

[node name="@Triangle@56187" type="MeshInstance3D" parent="."]
mesh = SubResource("ArrayMesh_k1rlg")
surface_material_override/0 = SubResource("StandardMaterial3D_lgoop")

[node name="@@56214" type="Node3D" parent="@Triangle@56187"]
transform = Transform3D(0.289456, -0.934172, -0.208656, -0.757805, -0.356822, 0.546269, -0.584762, -5.96046e-08, -0.811205, -1.42614, -0.544738, 0)

[node name="Arrow" type="Sprite3D" parent="@Triangle@56187/@@56214"]
transform = Transform3D(1.91069e-16, 0.1, 4.37114e-09, 4.37114e-09, -4.37114e-09, 0.1, 0.1, 0, -4.37114e-09, 0, 0, 0)
texture = ExtResource("2")

[node name="@Triangle@56188" type="MeshInstance3D" parent="."]
mesh = SubResource("ArrayMesh_86bwb")
surface_material_override/0 = SubResource("StandardMaterial3D_pm5n8")

[node name="@@56216" type="Node3D" parent="@Triangle@56188"]
transform = Transform3D(-0.171123, -0.356822, 0.918365, -0.983079, -4.29717e-08, -0.183182, 0.0653634, -0.934172, -0.350784, -0.544738, 0, -1.42614)

[node name="Arrow" type="Sprite3D" parent="@Triangle@56188/@@56216"]
transform = Transform3D(1.91069e-16, 0.1, 4.37114e-09, 4.37114e-09, -4.37114e-09, 0.1, 0.1, 0, -4.37114e-09, 0, 0, 0)
texture = ExtResource("2")

[node name="@Triangle@56189" type="MeshInstance3D" parent="."]
mesh = SubResource("ArrayMesh_4aph8")
surface_material_override/0 = SubResource("StandardMaterial3D_ftolq")

[node name="@@56218" type="Node3D" parent="@Triangle@56189"]
transform = Transform3D(-0.816012, 0.57735, -0.0281401, 0.432376, 0.57735, -0.692617, -0.383636, -0.57735, -0.720757, 0.881405, 0.881405, -0.881405)

[node name="Arrow" type="Sprite3D" parent="@Triangle@56189/@@56218"]
transform = Transform3D(1.91069e-16, 0.1, 4.37114e-09, 4.37114e-09, -4.37114e-09, 0.1, 0.1, 0, -4.37114e-09, 0, 0, 0)
texture = ExtResource("2")

[node name="@Triangle@56190" type="MeshInstance3D" parent="."]
mesh = SubResource("ArrayMesh_q2aw3")
surface_material_override/0 = SubResource("StandardMaterial3D_m1feu")

[node name="@@56220" type="Node3D" parent="@Triangle@56190"]
transform = Transform3D(-0.671973, 0.57735, -0.463809, -0.737657, -0.57735, 0.350041, -0.0656841, 0.57735, 0.81385, 0.881405, -0.881405, 0.881405)

[node name="Arrow" type="Sprite3D" parent="@Triangle@56190/@@56220"]
transform = Transform3D(1.91069e-16, 0.1, 4.37114e-09, 4.37114e-09, -4.37114e-09, 0.1, 0.1, 0, -4.37114e-09, 0, 0, 0)
texture = ExtResource("2")

[node name="@Triangle@56191" type="MeshInstance3D" parent="."]
mesh = SubResource("ArrayMesh_4y15y")
surface_material_override/0 = SubResource("StandardMaterial3D_yghre")

[node name="@@56222" type="Node3D" parent="@Triangle@56191"]
transform = Transform3D(-0.892169, 8.9407e-08, -0.451703, -0.161178, -0.934172, 0.318345, -0.421968, 0.356822, 0.833439, 0, -1.42614, 0.544738)

[node name="Arrow" type="Sprite3D" parent="@Triangle@56191/@@56222"]
transform = Transform3D(1.91069e-16, 0.1, 4.37114e-09, 4.37114e-09, -4.37114e-09, 0.1, 0.1, 0, -4.37114e-09, 0, 0, 0)
texture = ExtResource("2")

[node name="@Triangle@56192" type="MeshInstance3D" parent="."]
mesh = SubResource("ArrayMesh_5ywmv")
surface_material_override/0 = SubResource("StandardMaterial3D_7iej8")

[node name="@@56224" type="Node3D" parent="@Triangle@56192"]
transform = Transform3D(-0.892169, -8.9407e-08, -0.451703, 0.161178, -0.934172, -0.318345, -0.421968, -0.356822, 0.833439, 0, -1.42614, -0.544738)

[node name="Arrow" type="Sprite3D" parent="@Triangle@56192/@@56224"]
transform = Transform3D(1.91069e-16, 0.1, 4.37114e-09, 4.37114e-09, -4.37114e-09, 0.1, 0.1, 0, -4.37114e-09, 0, 0, 0)
texture = ExtResource("2")

[node name="@Triangle@56193" type="MeshInstance3D" parent="."]
mesh = SubResource("ArrayMesh_od626")
surface_material_override/0 = SubResource("StandardMaterial3D_gyu6q")

[node name="@@56226" type="Node3D" parent="@Triangle@56193"]
transform = Transform3D(-0.771586, 0.57735, -0.267061, -0.154511, -0.57735, -0.801744, -0.617075, -0.57735, 0.534683, 0.881405, -0.881405, -0.881405)

[node name="Arrow" type="Sprite3D" parent="@Triangle@56193/@@56226"]
transform = Transform3D(1.91069e-16, 0.1, 4.37114e-09, 4.37114e-09, -4.37114e-09, 0.1, 0.1, 0, -4.37114e-09, 0, 0, 0)
texture = ExtResource("2")

[node name="@Triangle@56194" type="MeshInstance3D" parent="."]
mesh = SubResource("ArrayMesh_mpcvu")
surface_material_override/0 = SubResource("StandardMaterial3D_t7j1t")

[node name="@@56228" type="Node3D" parent="@Triangle@56194"]
transform = Transform3D(-0.356284, 0.934172, 0.0195889, -0.932764, -0.356822, 0.0512845, 0.0548983, -1.11759e-08, 0.998492, 1.42614, -0.544738, 0)

[node name="Arrow" type="Sprite3D" parent="@Triangle@56194/@@56228"]
transform = Transform3D(1.91069e-16, 0.1, 4.37114e-09, 4.37114e-09, -4.37114e-09, 0.1, 0.1, 0, -4.37114e-09, 0, 0, 0)
texture = ExtResource("2")

[node name="@Triangle@56195" type="MeshInstance3D" parent="."]
mesh = SubResource("ArrayMesh_8pgua")
surface_material_override/0 = SubResource("StandardMaterial3D_28flc")

[node name="@@56230" type="Node3D" parent="@Triangle@56195"]
transform = Transform3D(-0.851985, 0.356822, -0.383144, -0.410143, -6.68208e-08, 0.912021, 0.325429, 0.934172, 0.146348, 0.544738, 0, 1.42614)

[node name="Arrow" type="Sprite3D" parent="@Triangle@56195/@@56230"]
transform = Transform3D(1.91069e-16, 0.1, 4.37114e-09, 4.37114e-09, -4.37114e-09, 0.1, 0.1, 0, -4.37114e-09, 0, 0, 0)
texture = ExtResource("2")

[node name="@Triangle@56196" type="MeshInstance3D" parent="."]
mesh = SubResource("ArrayMesh_j28fo")
surface_material_override/0 = SubResource("StandardMaterial3D_cyk7h")

[node name="@@56232" type="Node3D" parent="@Triangle@56196"]
transform = Transform3D(-0.562529, -0.57735, -0.5918, -0.231249, -0.57735, 0.783065, -0.793779, 0.57735, 0.191264, -0.881405, -0.881405, 0.881405)

[node name="Arrow" type="Sprite3D" parent="@Triangle@56196/@@56232"]
transform = Transform3D(1.91069e-16, 0.1, 4.37114e-09, 4.37114e-09, -4.37114e-09, 0.1, 0.1, 0, -4.37114e-09, 0, 0, 0)
texture = ExtResource("2")

[node name="@Triangle@56197" type="MeshInstance3D" parent="."]
mesh = SubResource("ArrayMesh_f4qgn")
surface_material_override/0 = SubResource("StandardMaterial3D_ccwi8")

[node name="@@56234" type="Node3D" parent="@Triangle@56197"]
transform = Transform3D(0.816011, -0.57735, 0.0281401, -0.432376, -0.57735, 0.692617, -0.383636, -0.57735, -0.720757, -0.881405, -0.881405, -0.881405)

[node name="Arrow" type="Sprite3D" parent="@Triangle@56197/@@56234"]
transform = Transform3D(1.91069e-16, 0.1, 4.37114e-09, 4.37114e-09, -4.37114e-09, 0.1, 0.1, 0, -4.37114e-09, 0, 0, 0)
texture = ExtResource("2")

[node name="@Triangle@56198" type="MeshInstance3D" parent="."]
mesh = SubResource("ArrayMesh_agfsj")
surface_material_override/0 = SubResource("StandardMaterial3D_t3xat")

[node name="@@56236" type="Node3D" parent="@Triangle@56198"]
transform = Transform3D(-0.171123, 0.356822, 0.918365, -0.983079, -4.29717e-08, -0.183182, -0.0653633, -0.934172, 0.350784, 0.544738, 0, -1.42614)

[node name="Arrow" type="Sprite3D" parent="@Triangle@56198/@@56236"]
transform = Transform3D(1.91069e-16, 0.1, 4.37114e-09, 4.37114e-09, -4.37114e-09, 0.1, 0.1, 0, -4.37114e-09, 0, 0, 0)
texture = ExtResource("2")

[node name="@Triangle@56199" type="MeshInstance3D" parent="."]
mesh = SubResource("ArrayMesh_x2vx1")
surface_material_override/0 = SubResource("StandardMaterial3D_hjn3v")

[node name="@@56238" type="Node3D" parent="@Triangle@56199"]
transform = Transform3D(-0.325429, 0.934172, -0.146348, 0.851985, 0.356822, 0.383144, 0.410143, -7.45058e-08, -0.912021, 1.42614, 0.544738, 0)

[node name="Arrow" type="Sprite3D" parent="@Triangle@56199/@@56238"]
transform = Transform3D(1.91069e-16, 0.1, 4.37114e-09, 4.37114e-09, -4.37114e-09, 0.1, 0.1, 0, -4.37114e-09, 0, 0, 0)
texture = ExtResource("2")
