[gd_scene load_steps=43 format=2]

[ext_resource path="res://sphere.gd" type="Script" id=1]
[ext_resource path="res://arrow.png" type="Texture" id=2]

[sub_resource type="ArrayMesh" id=1]
surfaces/0 = {
"aabb": AABB( -1.61803, 0, 0, 1.61803, 1.61804, 1.61803 ),
"array_data": PoolByteArray( 0, 0, 128, 191, 189, 27, 207, 63, 0, 0, 0, 0, 189, 27, 207, 191, 0, 0, 0, 0, 0, 0, 128, 63, 0, 0, 0, 0, 0, 0, 128, 63, 189, 27, 207, 63 ),
"array_index_data": PoolByteArray( 2, 0, 1, 0, 0, 0 ),
"blend_shape_data": [  ],
"format": 2194689,
"index_count": 3,
"primitive": 4,
"skeleton_aabb": [  ],
"vertex_count": 3
}

[sub_resource type="SpatialMaterial" id=2]
albedo_color = Color( 0.406843, 0.74901, 0.778039, 1 )

[sub_resource type="ArrayMesh" id=3]
surfaces/0 = {
"aabb": AABB( -1, 1, 0, 2, 0.618044, 1.61803 ),
"array_data": PoolByteArray( 0, 0, 128, 191, 189, 27, 207, 63, 0, 0, 0, 0, 0, 0, 0, 0, 0, 0, 128, 63, 189, 27, 207, 63, 0, 0, 128, 63, 189, 27, 207, 63, 0, 0, 0, 0 ),
"array_index_data": PoolByteArray( 2, 0, 1, 0, 0, 0 ),
"blend_shape_data": [  ],
"format": 2194689,
"index_count": 3,
"primitive": 4,
"skeleton_aabb": [  ],
"vertex_count": 3
}

[sub_resource type="SpatialMaterial" id=4]
albedo_color = Color( 0.406843, 0.74901, 0.778039, 1 )

[sub_resource type="ArrayMesh" id=5]
surfaces/0 = {
"aabb": AABB( -1, 1, -1.61803, 2, 0.618044, 1.61804 ),
"array_data": PoolByteArray( 0, 0, 128, 191, 189, 27, 207, 63, 0, 0, 0, 0, 0, 0, 128, 63, 189, 27, 207, 63, 0, 0, 0, 0, 0, 0, 0, 0, 0, 0, 128, 63, 189, 27, 207, 191 ),
"array_index_data": PoolByteArray( 2, 0, 1, 0, 0, 0 ),
"blend_shape_data": [  ],
"format": 2194689,
"index_count": 3,
"primitive": 4,
"skeleton_aabb": [  ],
"vertex_count": 3
}

[sub_resource type="SpatialMaterial" id=6]
albedo_color = Color( 0.406843, 0.74901, 0.778039, 1 )

[sub_resource type="ArrayMesh" id=7]
surfaces/0 = {
"aabb": AABB( -1.61803, 0, -1.61803, 1.61803, 1.61804, 1.61804 ),
"array_data": PoolByteArray( 0, 0, 128, 191, 189, 27, 207, 63, 0, 0, 0, 0, 0, 0, 0, 0, 0, 0, 128, 63, 189, 27, 207, 191, 189, 27, 207, 191, 0, 0, 0, 0, 0, 0, 128, 191 ),
"array_index_data": PoolByteArray( 2, 0, 1, 0, 0, 0 ),
"blend_shape_data": [  ],
"format": 2194689,
"index_count": 3,
"primitive": 4,
"skeleton_aabb": [  ],
"vertex_count": 3
}

[sub_resource type="SpatialMaterial" id=8]
albedo_color = Color( 0.406843, 0.74901, 0.778039, 1 )

[sub_resource type="ArrayMesh" id=9]
surfaces/0 = {
"aabb": AABB( -1.61803, 0, -1, 0.618044, 1.61804, 2 ),
"array_data": PoolByteArray( 0, 0, 128, 191, 189, 27, 207, 63, 0, 0, 0, 0, 189, 27, 207, 191, 0, 0, 0, 0, 0, 0, 128, 191, 189, 27, 207, 191, 0, 0, 0, 0, 0, 0, 128, 63 ),
"array_index_data": PoolByteArray( 2, 0, 1, 0, 0, 0 ),
"blend_shape_data": [  ],
"format": 2194689,
"index_count": 3,
"primitive": 4,
"skeleton_aabb": [  ],
"vertex_count": 3
}

[sub_resource type="SpatialMaterial" id=10]
albedo_color = Color( 0.406843, 0.74901, 0.778039, 1 )

[sub_resource type="ArrayMesh" id=11]
surfaces/0 = {
"aabb": AABB( 0, 0, 0, 1.61803, 1.61804, 1.61803 ),
"array_data": PoolByteArray( 0, 0, 128, 63, 189, 27, 207, 63, 0, 0, 0, 0, 0, 0, 0, 0, 0, 0, 128, 63, 189, 27, 207, 63, 189, 27, 207, 63, 0, 0, 0, 0, 0, 0, 128, 63 ),
"array_index_data": PoolByteArray( 2, 0, 1, 0, 0, 0 ),
"blend_shape_data": [  ],
"format": 2194689,
"index_count": 3,
"primitive": 4,
"skeleton_aabb": [  ],
"vertex_count": 3
}

[sub_resource type="SpatialMaterial" id=12]
albedo_color = Color( 0.406843, 0.74901, 0.778039, 1 )

[sub_resource type="ArrayMesh" id=13]
surfaces/0 = {
"aabb": AABB( -1.61803, -1, 1, 1.61804, 2.00001, 0.618044 ),
"array_data": PoolByteArray( 0, 0, 0, 0, 0, 0, 128, 63, 189, 27, 207, 63, 189, 27, 207, 191, 0, 0, 0, 0, 0, 0, 128, 63, 0, 0, 0, 0, 0, 0, 128, 191, 189, 27, 207, 63 ),
"array_index_data": PoolByteArray( 2, 0, 1, 0, 0, 0 ),
"blend_shape_data": [  ],
"format": 2194689,
"index_count": 3,
"primitive": 4,
"skeleton_aabb": [  ],
"vertex_count": 3
}

[sub_resource type="SpatialMaterial" id=14]
albedo_color = Color( 0.406843, 0.74901, 0.778039, 1 )

[sub_resource type="ArrayMesh" id=15]
surfaces/0 = {
"aabb": AABB( -1.61803, -1.61803, -1, 0.618034, 1.61804, 2.00001 ),
"array_data": PoolByteArray( 189, 27, 207, 191, 0, 0, 0, 0, 0, 0, 128, 63, 189, 27, 207, 191, 0, 0, 0, 0, 0, 0, 128, 191, 0, 0, 128, 191, 189, 27, 207, 191, 0, 0, 0, 0 ),
"array_index_data": PoolByteArray( 2, 0, 1, 0, 0, 0 ),
"blend_shape_data": [  ],
"format": 2194689,
"index_count": 3,
"primitive": 4,
"skeleton_aabb": [  ],
"vertex_count": 3
}

[sub_resource type="SpatialMaterial" id=16]
albedo_color = Color( 0.0912403, 0.559832, 0.651645, 1 )

[sub_resource type="ArrayMesh" id=17]
surfaces/0 = {
"aabb": AABB( -1.61803, -1, -1.61803, 1.61803, 2, 0.618044 ),
"array_data": PoolByteArray( 189, 27, 207, 191, 0, 0, 0, 0, 0, 0, 128, 191, 0, 0, 0, 0, 0, 0, 128, 63, 189, 27, 207, 191, 0, 0, 0, 0, 0, 0, 128, 191, 189, 27, 207, 191 ),
"array_index_data": PoolByteArray( 2, 0, 1, 0, 0, 0 ),
"blend_shape_data": [  ],
"format": 2194689,
"index_count": 3,
"primitive": 4,
"skeleton_aabb": [  ],
"vertex_count": 3
}

[sub_resource type="SpatialMaterial" id=18]
albedo_color = Color( 0.406843, 0.74901, 0.778039, 1 )

[sub_resource type="ArrayMesh" id=19]
surfaces/0 = {
"aabb": AABB( 0, 0, -1.61803, 1.61803, 1.61803, 1.61803 ),
"array_data": PoolByteArray( 0, 0, 0, 0, 0, 0, 128, 63, 189, 27, 207, 191, 0, 0, 128, 63, 189, 27, 207, 63, 0, 0, 0, 0, 189, 27, 207, 63, 0, 0, 0, 0, 0, 0, 128, 191 ),
"array_index_data": PoolByteArray( 2, 0, 1, 0, 0, 0 ),
"blend_shape_data": [  ],
"format": 2194689,
"index_count": 3,
"primitive": 4,
"skeleton_aabb": [  ],
"vertex_count": 3
}

[sub_resource type="SpatialMaterial" id=20]
albedo_color = Color( 0.406843, 0.74901, 0.778039, 1 )

[sub_resource type="ArrayMesh" id=21]
surfaces/0 = {
"aabb": AABB( 0, -1.61803, 0, 1.61803, 1.61803, 1.61803 ),
"array_data": PoolByteArray( 0, 0, 128, 63, 189, 27, 207, 191, 0, 0, 0, 0, 189, 27, 207, 63, 0, 0, 0, 0, 0, 0, 128, 63, 0, 0, 0, 0, 0, 0, 128, 191, 189, 27, 207, 63 ),
"array_index_data": PoolByteArray( 2, 0, 1, 0, 0, 0 ),
"blend_shape_data": [  ],
"format": 2194689,
"index_count": 3,
"primitive": 4,
"skeleton_aabb": [  ],
"vertex_count": 3
}

[sub_resource type="SpatialMaterial" id=22]
albedo_color = Color( 0.348801, 0.202725, 0.871417, 1 )

[sub_resource type="ArrayMesh" id=23]
surfaces/0 = {
"aabb": AABB( -1, -1.61803, 0, 2.00001, 0.618034, 1.61803 ),
"array_data": PoolByteArray( 0, 0, 128, 63, 189, 27, 207, 191, 0, 0, 0, 0, 0, 0, 0, 0, 0, 0, 128, 191, 189, 27, 207, 63, 0, 0, 128, 191, 189, 27, 207, 191, 0, 0, 0, 0 ),
"array_index_data": PoolByteArray( 2, 0, 1, 0, 0, 0 ),
"blend_shape_data": [  ],
"format": 2194689,
"index_count": 3,
"primitive": 4,
"skeleton_aabb": [  ],
"vertex_count": 3
}

[sub_resource type="SpatialMaterial" id=24]
albedo_color = Color( 0.348801, 0.202725, 0.871417, 1 )

[sub_resource type="ArrayMesh" id=25]
surfaces/0 = {
"aabb": AABB( -1, -1.61803, -1.61803, 2.00001, 0.618034, 1.61804 ),
"array_data": PoolByteArray( 0, 0, 128, 63, 189, 27, 207, 191, 0, 0, 0, 0, 0, 0, 128, 191, 189, 27, 207, 191, 0, 0, 0, 0, 0, 0, 0, 0, 0, 0, 128, 191, 189, 27, 207, 191 ),
"array_index_data": PoolByteArray( 2, 0, 1, 0, 0, 0 ),
"blend_shape_data": [  ],
"format": 2194689,
"index_count": 3,
"primitive": 4,
"skeleton_aabb": [  ],
"vertex_count": 3
}

[sub_resource type="SpatialMaterial" id=26]
albedo_color = Color( 0.348801, 0.202725, 0.871417, 1 )

[sub_resource type="ArrayMesh" id=27]
surfaces/0 = {
"aabb": AABB( 0, -1.61803, -1.61803, 1.61803, 1.61803, 1.61804 ),
"array_data": PoolByteArray( 0, 0, 128, 63, 189, 27, 207, 191, 0, 0, 0, 0, 0, 0, 0, 0, 0, 0, 128, 191, 189, 27, 207, 191, 189, 27, 207, 63, 0, 0, 0, 0, 0, 0, 128, 191 ),
"array_index_data": PoolByteArray( 2, 0, 1, 0, 0, 0 ),
"blend_shape_data": [  ],
"format": 2194689,
"index_count": 3,
"primitive": 4,
"skeleton_aabb": [  ],
"vertex_count": 3
}

[sub_resource type="SpatialMaterial" id=28]
albedo_color = Color( 0.348801, 0.202725, 0.871417, 1 )

[sub_resource type="ArrayMesh" id=29]
surfaces/0 = {
"aabb": AABB( 1, -1.61803, -1, 0.618034, 1.61803, 2 ),
"array_data": PoolByteArray( 0, 0, 128, 63, 189, 27, 207, 191, 0, 0, 0, 0, 189, 27, 207, 63, 0, 0, 0, 0, 0, 0, 128, 191, 189, 27, 207, 63, 0, 0, 0, 0, 0, 0, 128, 63 ),
"array_index_data": PoolByteArray( 2, 0, 1, 0, 0, 0 ),
"blend_shape_data": [  ],
"format": 2194689,
"index_count": 3,
"primitive": 4,
"skeleton_aabb": [  ],
"vertex_count": 3
}

[sub_resource type="SpatialMaterial" id=30]
albedo_color = Color( 0.348801, 0.202725, 0.871417, 1 )

[sub_resource type="ArrayMesh" id=31]
surfaces/0 = {
"aabb": AABB( 0, -1, 1, 1.61803, 2, 0.618044 ),
"array_data": PoolByteArray( 0, 0, 0, 0, 0, 0, 128, 191, 189, 27, 207, 63, 189, 27, 207, 63, 0, 0, 0, 0, 0, 0, 128, 63, 0, 0, 0, 0, 0, 0, 128, 63, 189, 27, 207, 63 ),
"array_index_data": PoolByteArray( 2, 0, 1, 0, 0, 0 ),
"blend_shape_data": [  ],
"format": 2194689,
"index_count": 3,
"primitive": 4,
"skeleton_aabb": [  ],
"vertex_count": 3
}

[sub_resource type="SpatialMaterial" id=32]
albedo_color = Color( 0.406843, 0.74901, 0.778039, 1 )

[sub_resource type="ArrayMesh" id=33]
surfaces/0 = {
"aabb": AABB( -1.61803, -1.61803, 0, 1.61803, 1.61803, 1.61803 ),
"array_data": PoolByteArray( 0, 0, 128, 191, 189, 27, 207, 191, 0, 0, 0, 0, 0, 0, 0, 0, 0, 0, 128, 191, 189, 27, 207, 63, 189, 27, 207, 191, 0, 0, 0, 0, 0, 0, 128, 63 ),
"array_index_data": PoolByteArray( 2, 0, 1, 0, 0, 0 ),
"blend_shape_data": [  ],
"format": 2194689,
"index_count": 3,
"primitive": 4,
"skeleton_aabb": [  ],
"vertex_count": 3
}

[sub_resource type="SpatialMaterial" id=34]
albedo_color = Color( 0.0912403, 0.559832, 0.651645, 1 )

[sub_resource type="ArrayMesh" id=35]
surfaces/0 = {
"aabb": AABB( -1.61803, -1.61803, -1.61803, 1.61804, 1.61803, 1.61803 ),
"array_data": PoolByteArray( 0, 0, 0, 0, 0, 0, 128, 191, 189, 27, 207, 191, 0, 0, 128, 191, 189, 27, 207, 191, 0, 0, 0, 0, 189, 27, 207, 191, 0, 0, 0, 0, 0, 0, 128, 191 ),
"array_index_data": PoolByteArray( 2, 0, 1, 0, 0, 0 ),
"blend_shape_data": [  ],
"format": 2194689,
"index_count": 3,
"primitive": 4,
"skeleton_aabb": [  ],
"vertex_count": 3
}

[sub_resource type="SpatialMaterial" id=36]
albedo_color = Color( 0.0912403, 0.559832, 0.651645, 1 )

[sub_resource type="ArrayMesh" id=37]
surfaces/0 = {
"aabb": AABB( 0, -1, -1.61803, 1.61804, 2, 0.618044 ),
"array_data": PoolByteArray( 189, 27, 207, 63, 0, 0, 0, 0, 0, 0, 128, 191, 0, 0, 0, 0, 0, 0, 128, 191, 189, 27, 207, 191, 0, 0, 0, 0, 0, 0, 128, 63, 189, 27, 207, 191 ),
"array_index_data": PoolByteArray( 2, 0, 1, 0, 0, 0 ),
"blend_shape_data": [  ],
"format": 2194689,
"index_count": 3,
"primitive": 4,
"skeleton_aabb": [  ],
"vertex_count": 3
}

[sub_resource type="SpatialMaterial" id=38]
albedo_color = Color( 0.406843, 0.74901, 0.778039, 1 )

[sub_resource type="ArrayMesh" id=39]
surfaces/0 = {
"aabb": AABB( 1, 0, -1, 0.618044, 1.61803, 2.00001 ),
"array_data": PoolByteArray( 189, 27, 207, 63, 0, 0, 0, 0, 0, 0, 128, 63, 189, 27, 207, 63, 0, 0, 0, 0, 0, 0, 128, 191, 0, 0, 128, 63, 189, 27, 207, 63, 0, 0, 0, 0 ),
"array_index_data": PoolByteArray( 2, 0, 1, 0, 0, 0 ),
"blend_shape_data": [  ],
"format": 2194689,
"index_count": 3,
"primitive": 4,
"skeleton_aabb": [  ],
"vertex_count": 3
}

[sub_resource type="SpatialMaterial" id=40]
albedo_color = Color( 0.348801, 0.202725, 0.871417, 1 )

[node name="Sphere" type="Spatial"]
script = ExtResource( 1 )

[node name="Triangle" type="MeshInstance" parent="."]
mesh = SubResource( 1 )
material/0 = SubResource( 2 )

[node name="Spatial" type="Spatial" parent="Triangle"]
transform = Transform( -0.738981, -0.57735, -0.347237, -0.670206, 0.57735, 0.466358, -0.0687749, 0.57735, -0.813595, -0.881405, 0.881405, 0.881405 )

[node name="Arrow" type="Sprite3D" parent="Triangle/Spatial"]
transform = Transform( 2.55452e-16, 0.133696, 5.84405e-09, 5.84405e-09, -5.84405e-09, 0.133696, 0.133696, 0, -5.84405e-09, 0, 0, 0 )
texture = ExtResource( 2 )

[node name="Triangle2" type="MeshInstance" parent="."]
mesh = SubResource( 3 )
material/0 = SubResource( 4 )

[node name="Spatial" type="Spatial" parent="Triangle2"]
transform = Transform( -0.954204, 2.98023e-08, -0.299156, -0.106745, 0.934172, 0.340481, 0.279463, 0.356822, -0.891391, 0, 1.42614, 0.544738 )

[node name="Arrow" type="Sprite3D" parent="Triangle2/Spatial"]
transform = Transform( 2.55452e-16, 0.133696, 5.84405e-09, 5.84405e-09, -5.84405e-09, 0.133696, 0.133696, 0, -5.84405e-09, 0, 0, 0 )
texture = ExtResource( 2 )

[node name="Triangle3" type="MeshInstance" parent="."]
mesh = SubResource( 5 )
material/0 = SubResource( 6 )

[node name="Spatial" type="Spatial" parent="Triangle3"]
transform = Transform( -0.954204, -2.98023e-08, -0.299156, 0.106745, 0.934172, -0.340481, 0.279463, -0.356822, -0.891391, 0, 1.42614, -0.544738 )

[node name="Arrow" type="Sprite3D" parent="Triangle3/Spatial"]
transform = Transform( 2.55452e-16, 0.133696, 5.84405e-09, 5.84405e-09, -5.84405e-09, 0.133696, 0.133696, 0, -5.84405e-09, 0, 0, 0 )
texture = ExtResource( 2 )

[node name="Triangle4" type="MeshInstance" parent="."]
mesh = SubResource( 7 )
material/0 = SubResource( 8 )

[node name="Spatial" type="Spatial" parent="Triangle4"]
transform = Transform( -0.804954, -0.57735, -0.136808, -0.283998, 0.57735, -0.765514, 0.520956, -0.57735, -0.628706, -0.881405, 0.881405, -0.881405 )

[node name="Arrow" type="Sprite3D" parent="Triangle4/Spatial"]
transform = Transform( 2.55452e-16, 0.133696, 5.84405e-09, 5.84405e-09, -5.84405e-09, 0.133696, 0.133696, 0, -5.84405e-09, 0, 0, 0 )
texture = ExtResource( 2 )

[node name="Triangle5" type="MeshInstance" parent="."]
mesh = SubResource( 9 )
material/0 = SubResource( 10 )

[node name="Spatial" type="Spatial" parent="Triangle5"]
transform = Transform( -0.348238, -0.934172, 0.0777964, -0.911699, 0.356822, 0.203673, -0.218026, -6.70552e-08, -0.975943, -1.42614, 0.544738, 0 )

[node name="Arrow" type="Sprite3D" parent="Triangle5/Spatial"]
transform = Transform( 2.55452e-16, 0.133696, 5.84405e-09, 5.84405e-09, -5.84405e-09, 0.133696, 0.133696, 0, -5.84405e-09, 0, 0, 0 )
texture = ExtResource( 2 )

[node name="Triangle6" type="MeshInstance" parent="."]
mesh = SubResource( 11 )
material/0 = SubResource( 12 )

[node name="Spatial" type="Spatial" parent="Triangle6"]
transform = Transform( -0.804954, 0.57735, -0.136808, 0.283998, 0.57735, 0.765514, 0.520956, 0.57735, -0.628706, 0.881405, 0.881405, 0.881405 )

[node name="Arrow" type="Sprite3D" parent="Triangle6/Spatial"]
transform = Transform( 2.55452e-16, 0.133696, 5.84405e-09, 5.84405e-09, -5.84405e-09, 0.133696, 0.133696, 0, -5.84405e-09, 0, 0, 0 )
texture = ExtResource( 2 )

[node name="Triangle7" type="MeshInstance" parent="."]
mesh = SubResource( 13 )
material/0 = SubResource( 14 )

[node name="Spatial" type="Spatial" parent="Triangle7"]
transform = Transform( -0.632236, -0.356822, -0.687718, -0.736179, -3.21794e-08, 0.676787, -0.241493, 0.934172, -0.262685, -0.544738, 0, 1.42614 )

[node name="Arrow" type="Sprite3D" parent="Triangle7/Spatial"]
transform = Transform( 2.55452e-16, 0.133696, 5.84405e-09, 5.84405e-09, -5.84405e-09, 0.133696, 0.133696, 0, -5.84405e-09, 0, 0, 0 )
texture = ExtResource( 2 )

[node name="Triangle8" type="MeshInstance" parent="."]
mesh = SubResource( 15 )
material/0 = SubResource( 16 )

[node name="Spatial" type="Spatial" parent="Triangle8"]
transform = Transform( 0.344509, -0.934172, -0.0929272, -0.901937, -0.356822, 0.243286, -0.26043, 6.70552e-08, -0.965493, -1.42614, -0.544738, 0 )

[node name="Arrow" type="Sprite3D" parent="Triangle8/Spatial"]
transform = Transform( 4.32558e-17, 0.0226389, 9.89577e-10, 9.89577e-10, -9.89577e-10, 0.0226389, 0.0226389, 0, -9.89577e-10, 0, 0, 0 )
texture = ExtResource( 2 )

[node name="Triangle9" type="MeshInstance" parent="."]
mesh = SubResource( 17 )
material/0 = SubResource( 18 )

[node name="Spatial" type="Spatial" parent="Triangle9"]
transform = Transform( -0.911699, -0.356822, 0.203673, -0.218025, -8.75022e-08, -0.975943, 0.348238, -0.934172, -0.0777962, -0.544738, 0, -1.42614 )

[node name="Arrow" type="Sprite3D" parent="Triangle9/Spatial"]
transform = Transform( 2.55452e-16, 0.133696, 5.84405e-09, 5.84405e-09, -5.84405e-09, 0.133696, 0.133696, 0, -5.84405e-09, 0, 0, 0 )
texture = ExtResource( 2 )

[node name="Triangle10" type="MeshInstance" parent="."]
mesh = SubResource( 19 )
material/0 = SubResource( 20 )

[node name="Spatial" type="Spatial" parent="Triangle10"]
transform = Transform( -0.738981, 0.57735, -0.347237, 0.670206, 0.57735, -0.466358, -0.068775, -0.57735, -0.813595, 0.881405, 0.881405, -0.881405 )

[node name="Arrow" type="Sprite3D" parent="Triangle10/Spatial"]
transform = Transform( 2.55452e-16, 0.133696, 5.84405e-09, 5.84405e-09, -5.84405e-09, 0.133696, 0.133696, 0, -5.84405e-09, 0, 0, 0 )
texture = ExtResource( 2 )

[node name="Triangle11" type="MeshInstance" parent="."]
mesh = SubResource( 21 )
material/0 = SubResource( 22 )

[node name="Spatial" type="Spatial" parent="Triangle11"]
transform = Transform( -0.0747576, 0.57735, -0.813067, -0.741516, -0.57735, -0.341791, -0.666758, 0.57735, 0.471276, 0.881405, -0.881405, 0.881405 )

[node name="Arrow" type="Sprite3D" parent="Triangle11/Spatial"]
transform = Transform( 1.33659e-16, 0.0699533, 3.05776e-09, 3.05776e-09, -3.05776e-09, 0.0699533, 0.0699533, 0, -3.05776e-09, 0, 0, 0 )
texture = ExtResource( 2 )

[node name="Triangle12" type="MeshInstance" parent="."]
mesh = SubResource( 23 )
material/0 = SubResource( 24 )

[node name="Spatial" type="Spatial" parent="Triangle12"]
transform = Transform( -0.225198, -5.96046e-08, -0.974313, -0.347656, -0.934172, 0.0803558, -0.910176, 0.356822, 0.210374, 0, -1.42614, 0.544738 )

[node name="Arrow" type="Sprite3D" parent="Triangle12/Spatial"]
transform = Transform( 1.33659e-16, 0.0699533, 3.05776e-09, 3.05776e-09, -3.05776e-09, 0.0699533, 0.0699533, 0, -3.05776e-09, 0, 0, 0 )
texture = ExtResource( 2 )

[node name="Triangle13" type="MeshInstance" parent="."]
mesh = SubResource( 25 )
material/0 = SubResource( 26 )

[node name="Spatial" type="Spatial" parent="Triangle13"]
transform = Transform( -0.225198, -8.19564e-08, -0.974313, 0.347656, -0.934172, -0.0803557, -0.910176, -0.356822, 0.210374, 0, -1.42614, -0.544738 )

[node name="Arrow" type="Sprite3D" parent="Triangle13/Spatial"]
transform = Transform( 1.33659e-16, 0.0699533, 3.05776e-09, 3.05776e-09, -3.05776e-09, 0.0699533, 0.0699533, 0, -3.05776e-09, 0, 0, 0 )
texture = ExtResource( 2 )

[node name="Triangle14" type="MeshInstance" parent="."]
mesh = SubResource( 27 )
material/0 = SubResource( 28 )

[node name="Spatial" type="Spatial" parent="Triangle14"]
transform = Transform( -0.289621, 0.57735, -0.763404, 0.516317, -0.57735, -0.632521, -0.805938, -0.57735, -0.130883, 0.881405, -0.881405, -0.881405 )

[node name="Arrow" type="Sprite3D" parent="Triangle14/Spatial"]
transform = Transform( 1.33659e-16, 0.0699533, 3.05776e-09, 3.05776e-09, -3.05776e-09, 0.0699533, 0.0699533, 0, -3.05776e-09, 0, 0, 0 )
texture = ExtResource( 2 )

[node name="Triangle15" type="MeshInstance" parent="."]
mesh = SubResource( 29 )
material/0 = SubResource( 30 )

[node name="Spatial" type="Spatial" parent="Triangle15"]
transform = Transform( -0.243418, 0.934172, -0.260901, -0.637278, -0.356822, -0.683049, -0.731181, 5.96046e-08, 0.682184, 1.42614, -0.544738, 0 )

[node name="Arrow" type="Sprite3D" parent="Triangle15/Spatial"]
transform = Transform( 1.33659e-16, 0.0699533, 3.05776e-09, 3.05776e-09, -3.05776e-09, 0.0699533, 0.0699533, 0, -3.05776e-09, 0, 0, 0 )
texture = ExtResource( 2 )

[node name="Triangle16" type="MeshInstance" parent="."]
mesh = SubResource( 31 )
material/0 = SubResource( 32 )

[node name="Spatial" type="Spatial" parent="Triangle16"]
transform = Transform( -0.632236, 0.356822, -0.687718, -0.736179, -3.21794e-08, 0.676787, 0.241493, 0.934172, 0.262685, 0.544738, 0, 1.42614 )

[node name="Arrow" type="Sprite3D" parent="Triangle16/Spatial"]
transform = Transform( 2.55452e-16, 0.133696, 5.84405e-09, 5.84405e-09, -5.84405e-09, 0.133696, 0.133696, 0, -5.84405e-09, 0, 0, 0 )
texture = ExtResource( 2 )

[node name="Triangle17" type="MeshInstance" parent="."]
mesh = SubResource( 33 )
material/0 = SubResource( 34 )

[node name="Spatial" type="Spatial" parent="Triangle17"]
transform = Transform( -0.283998, -0.57735, -0.765514, -0.520956, -0.57735, 0.628706, -0.804954, 0.57735, -0.136808, -0.881405, -0.881405, 0.881405 )

[node name="Arrow" type="Sprite3D" parent="Triangle17/Spatial"]
transform = Transform( 2.55452e-16, 0.133696, 5.84405e-09, 5.84405e-09, -5.84405e-09, 0.133696, 0.133696, 0, -5.84405e-09, 0, 0, 0 )
texture = ExtResource( 2 )

[node name="Triangle18" type="MeshInstance" parent="."]
mesh = SubResource( 35 )
material/0 = SubResource( 36 )

[node name="Spatial" type="Spatial" parent="Triangle18"]
transform = Transform( 0.753438, -0.57735, 0.31464, -0.649205, -0.57735, 0.495176, -0.104233, -0.57735, -0.809816, -0.881405, -0.881405, -0.881405 )

[node name="Arrow" type="Sprite3D" parent="Triangle18/Spatial"]
transform = Transform( 4.32558e-17, 0.0226389, 9.89577e-10, 9.89577e-10, -9.89577e-10, 0.0226389, 0.0226389, 0, -9.89577e-10, 0, 0, 0 )
texture = ExtResource( 2 )

[node name="Triangle19" type="MeshInstance" parent="."]
mesh = SubResource( 37 )
material/0 = SubResource( 38 )

[node name="Spatial" type="Spatial" parent="Triangle19"]
transform = Transform( -0.911699, 0.356822, 0.203673, -0.218025, -8.75022e-08, -0.975943, -0.348238, -0.934172, 0.0777964, 0.544738, 0, -1.42614 )

[node name="Arrow" type="Sprite3D" parent="Triangle19/Spatial"]
transform = Transform( 2.55452e-16, 0.133696, 5.84405e-09, 5.84405e-09, -5.84405e-09, 0.133696, 0.133696, 0, -5.84405e-09, 0, 0, 0 )
texture = ExtResource( 2 )

[node name="Triangle20" type="MeshInstance" parent="."]
mesh = SubResource( 39 )
material/0 = SubResource( 40 )

[node name="Spatial" type="Spatial" parent="Triangle20"]
transform = Transform( -0.241492, 0.934172, -0.262685, 0.632236, 0.356822, 0.687718, 0.736179, -5.96046e-08, -0.676787, 1.42614, 0.544738, 0 )

[node name="Arrow" type="Sprite3D" parent="Triangle20/Spatial"]
transform = Transform( 2.55452e-16, 0.133696, 5.84405e-09, 5.84405e-09, -5.84405e-09, 0.133696, 0.133696, 0, -5.84405e-09, 0, 0, 0 )
texture = ExtResource( 2 )
